1;•oµv4Dºv`þb;0.00;0
2;•oµv4Dºv`þb;0.00;0
3;•oµv4Dºv`þb;0.00;0
4;•oµv4Dºv`þb;0.00;0
5;•oµv4Dºv`þb;0.00;0
6;•oµv4Dºv`þb;0.00;0
7;•oµv4Dºv`þb;0.00;0
8;•oµv4Dºv`þb;0.00;0
9;•oµv4Dºv`þb;0.00;0
10;•oµv4Dºv`þb;0.00;0
11;•oµv4Dºv`þb;0.00;0
12;•oµv4Dºv`þb;0.00;0
13;•oµv4Dºv`þb;0.00;0
14;•oµv4Dºv`þb;0.00;0
15;•oµv4Dºv`þb;0.00;0
16;•oµv4Dºv`þb;0.00;0
17;•oµv4Dºv`þb;0.00;0
18;•oµv4Dºv`þb;0.00;0
19;•oµv4Dºv`þb;0.00;0
20;•oµv4Dºv`þb;0.00;0
21;•oµv4Dºv`þb;0.00;0
22;•oµv4Dºv`þb;0.00;0
23;•oµv4Dºv`þb;0.00;0
24;•oµv4Dºv`þb;0.00;0
25;•oµv4Dºv`þb;0.00;0
26;•oµv4Dºv`þb;0.00;0
27;•oµv4Dºv`þb;0.00;0
28;•oµv4Dºv`þb;0.00;0
29;•oµv4Dºv`þb;0.00;0
30;•oµv4Dºv`þb;0.00;0
31;•oµv4Dºv`þb;0.00;0
32;•oµv4Dºv`þb;0.00;0
33;•oµv4Dºv`þb;0.00;0
34;•oµv4Dºv`þb;0.00;0
35;•oµv4Dºv`þb;0.00;0
36;•oµv4Dºv`þb;0.00;0
37;•oµv4Dºv`þb;0.00;0
38;•oµv4Dºv`þb;0.00;0
39;•oµv4Dºv`þb;0.00;0
40;•oµv4Dºv`þb;0.00;0
41;•oµv4Dºv`þb;0.00;0
42;•oµv4Dºv`þb;0.00;0
43;•oµv4Dºv`þb;0.00;0
44;•oµv4Dºv`þb;0.00;0
45;•oµv4Dºv`þb;0.00;0
46;•oµv4Dºv`þb;0.00;0
47;•oµv4Dºv`þb;0.00;0
48;•oµv4Dºv`þb;0.00;0
49;•oµv4Dºv`þb;0.00;0
50;•oµv4Dºv`þb;0.00;0
51;•oµv4Dºv`þb;0.00;0
52;•oµv4Dºv`þb;0.00;0
53;•oµv4Dºv`þb;0.00;0
54;•oµv4Dºv`þb;0.00;0
55;•oµv4Dºv`þb;0.00;0
56;•oµv4Dºv`þb;0.00;0
57;•oµv4Dºv`þb;0.00;0
58;•oµv4Dºv`þb;0.00;0
59;•oµv4Dºv`þb;0.00;0
60;•oµv4Dºv`þb;0.00;0
61;•oµv4Dºv`þb;0.00;0
62;•oµv4Dºv`þb;0.00;0
63;•oµv4Dºv`þb;0.00;0
64;•oµv4Dºv`þb;0.00;0
65;•oµv4Dºv`þb;0.00;0
66;•oµv4Dºv`þb;0.00;0
67;•oµv4Dºv`þb;0.00;0
68;•oµv4Dºv`þb;0.00;0
69;•oµv4Dºv`þb;0.00;0
70;•oµv4Dºv`þb;0.00;0
71;•oµv4Dºv`þb;0.00;0
72;•oµv4Dºv`þb;0.00;0
73;•oµv4Dºv`þb;0.00;0
74;•oµv4Dºv`þb;0.00;0
75;•oµv4Dºv`þb;0.00;0
76;•oµv4Dºv`þb;0.00;0
77;•oµv4Dºv`þb;0.00;0
78;•oµv4Dºv`þb;0.00;0
79;•oµv4Dºv`þb;0.00;0
80;•oµv4Dºv`þb;0.00;0
81;•oµv4Dºv`þb;0.00;0
82;•oµv4Dºv`þb;0.00;0
83;•oµv4Dºv`þb;0.00;0
84;•oµv4Dºv`þb;0.00;0
85;•oµv4Dºv`þb;0.00;0
86;•oµv4Dºv`þb;0.00;0
87;•oµv4Dºv`þb;0.00;0
88;•oµv4Dºv`þb;0.00;0
89;•oµv4Dºv`þb;0.00;0
90;•oµv4Dºv`þb;0.00;0
91;•oµv4Dºv`þb;0.00;0
92;•oµv4Dºv`þb;0.00;0
93;•oµv4Dºv`þb;0.00;0
94;•oµv4Dºv`þb;0.00;0
95;•oµv4Dºv`þb;0.00;0
96;•oµv4Dºv`þb;0.00;0
97;•oµv4Dºv`þb;0.00;0
98;•oµv4Dºv`þb;0.00;0
99;•oµv4Dºv`þb;0.00;0
100;•oµv4Dºv`þb;0.00;0
